GRB	REDSHIFT	REDSHIFT_ERRP	REDSHIFT_ERRM	FLUENCE	FLUENCE_ERRP	FLUENCE_ERRM	E1_OBS	E2_OBS	ALPHA	ALPHA_ERRP	ALPHA_ERRM	BETA	BETA_ERRP	BETA_ERRM	EPEAK	EPEAK_ERRP	EPEAK_ERRM
970228	0.6950	0.0003	0.0003	65.00	8.00	8.00	40	700	0.51	0.67	0.86	0.00	0.00	0.00	157.00	24.00	19.00
970508	0.8349	0.0003	0.0003	26.00	3.00	3.00	20	2000	1.71	0.10	0.10	2.20	0.25	0.25	92.00	26.00	26.00
980425	0.0087	0.0000	0.0000	38.70	3.90	3.90	20	2000	1.27	0.25	0.25	2.30	0.46	0.46	118.00	24.00	24.00
990123	1.6004	0.0008	0.0008	5090.00	20.00	20.00	20	2000	0.89	0.08	0.08	2.45	0.97	0.97	781.00	61.90	61.90
990510	1.6187	0.0015	0.0015	270.00	50.00	50.00	20	2000	1.23	0.05	0.05	2.70	0.40	0.40	161.53	16.04	16.04
991208	0.7063	0.0017	0.0017	1630.00	50.00	50.00	20	2000	1.10	0.40	0.40	2.20	0.40	0.40	183.00	3.00	3.00
991216	1.0200	0.0100	0.0100	2480.00	120.00	120.00	20	2000	1.23	0.25	0.25	2.18	0.39	0.39	378.00	10.00	10.00
000131	4.5000	0.0150	0.0150	440.00	60.00	60.00	20	2000	1.20	0.10	0.10	2.40	0.10	0.10	235.00	20.00	20.00
000911	1.0585	0.0001	0.0001	1920.00	340.00	340.00	20	2000	1.11	0.12	0.12	2.32	0.41	0.41	1023.00	86.00	86.00
000926	2.0387	0.0008	0.0008	260.00	40.00	40.00	20	2000	1.10	0.10	0.10	2.43	0.40	0.40	101.00	6.00	6.00
010222	1.4769	0.0000	0.0000	1390.00	80.00	80.00	20	2000	1.35	0.19	0.19	1.64	0.02	0.02	309.00	12.00	12.00
011121	0.3620	0.0010	0.0010	2270.00	250.00	250.00	20	2000	1.10	0.30	0.30	2.10	0.20	0.20	882.00	93.00	93.00
011211	2.1418	0.0018	0.0018	50.00	5.00	5.00	40	700		0.84	0.09	0.09	2.30	0.46	0.46	59.00	7.00	7.00
020124	3.1980	0.0040	0.0040	81.00	8.90	7.70	2	400		0.79	0.15	0.15	2.30	0.46	0.46	85.00	15.00	15.00
020405	0.6899	0.0000	0.0000	830.00	60.00	60.00	20	2000	0.00	0.25	0.25	1.87	0.23	0.23	315.00	15.00	15.00
020813	1.2540	0.0050	0.0050	1410.00	130.00	130.00	20	2000	0.94	0.03	0.03	1.57	0.04	0.04	315.00	15.00	15.00
020903	0.2506	0.0003	0.0003	0.98	0.67	0.36	2	400		1.00	0.30	0.30	2.60	0.40	0.50	2.60	1.40	0.80
021004	2.3304	0.0005	0.0005	25.50	6.00	6.00	2	400		1.01	0.19	0.19	2.30	0.46	0.46	79.80	35.10	35.10
030226	1.9869	0.0002	0.0002	130.00	60.00	60.00	20	2000	0.89	0.17	0.17	2.30	0.46	0.46	117.00	14.00	14.00
030323	3.3718	0.0005	0.0005	12.30	3.70	3.40	2	400		0.80	0.80	0.83	0.00	0.00	0.00	44.00	90.00	26.00
030328	1.5216	0.0006	0.0006	369.50	14.10	14.10	2	400		1.14	0.03	0.03	2.09	0.40	0.40	126.10	13.50	13.50
030329	0.1687	0.0000	0.0000	1970.00	70.00	70.00	20	2000	1.26	0.02	0.02	2.28	0.06	0.06	104.00	2.00	2.00
030429	2.6580	0.0050	0.0050	8.50	1.40	1.40	2	400		1.12	0.25	0.25	2.30	0.46	0.46	35.00	9.60	9.60
031203	0.1054	0.0001	0.0001	20.00	4.00	4.00	20	200		1.63	0.06	0.06	0.00	0.00	0.00	144.00	46.00	46.00
040924	0.8580	0.0010	0.0010	27.30	1.20	1.20	20	500		1.17	0.23	0.23	2.30	0.46	0.46	67.30	5.90	5.90
041006	0.7160	0.0000	0.0000	70.00	7.00	7.00	30	400		1.37	0.27	0.27	2.30	0.46	0.46	63.50	12.80	12.80
050126	1.2900	0.0000	0.0000	10.50	3.68	3.68	15	350		0.55	0.74	0.81	0.00	0.00	0.00	90.32	173.50	24.06
050219A	0.2110	0.0000	0.0000	48.90	4.29	4.29	15	350		0.11	0.30	0.32	0.00	0.00	0.00	91.78	11.83	8.04
050223	0.5840	0.0050	0.0050	8.80	0.90	3.00	15	350		1.70	0.20	0.20	0.00	0.00	0.00	67.00	113.00	23.00
050318	1.4436	0.0009	0.0009	14.10	1.30	1.00	15	350		1.20	0.40	0.40	0.00	0.00	0.00	50.00	10.00	10.00
050319	3.2425	0.0000	0.0000	133.00	14.90	14.90	15	150		1.93	0.17	0.18	0.00	0.00	0.00	45.20	18.30	12.60
050401	2.8992	0.0004	0.0004	193.00	4.00	4.00	20	2000	0.99	0.19	0.19	2.51	0.23	0.23	117.50	18.00	18.00
050406	2.4400	0.3000	0.3000	0.68	0.15	0.15	15	350		-0.10	1.76	2.90	0.00	0.00	0.00	27.90	6.83	14.51
050416A	0.6528	0.0002	0.0002	3.50	0.30	0.30	15	350		1.00	1.00	2.00	0.00	0.00	0.00	15.00	5.00	5.00
050502A	3.7930	0.0000	0.0000	14.00	1.40	1.40	20	200		1.10	0.40	0.40	2.20	0.40	0.40	93.00	55.00	35.00
050502B	5.2000	0.3000	0.3000	8.10	0.80	1.00	15	350		1.60	0.10	0.10	0.00	0.00	0.00	100.04	376.78	33.09
050505	4.2748	0.0008	0.0008	48.00	3.00	12.00	15	350		1.40	0.10	0.10	0.00	0.00	0.00	140.00	343.00	43.00
050509B	0.2248	0.0002	0.0002	0.20	0.09	0.09	15	350		1.70	0.70	0.70	0.00	0.00	0.00	82.00	611.00	80.00
050525A	0.6060	0.0000	0.0000	213.00	12.00	11.00	15	10000	1.02	0.11	0.12	3.12	0.25	0.50	81.00	3.00	3.00
050603	2.8180	0.0000	0.0000	341.00	6.00	6.00	20	3000	0.79	0.06	0.06	2.15	0.09	0.09	349.00	28.00	28.00
050709	0.1606	0.0001	0.0001	14.93	1.81	1.81	2	400		0.82	0.14	0.14	0.00	0.00	0.00	86.50	16.00	11.00
050724	0.2582	0.0003	0.0003	15.00	2.00	2.00	15	350		1.60	0.20	0.20	0.00	0.00	0.00	110.00	400.00	45.00
050730	3.9686	0.0001	0.0001	26.00	2.00	2.00	15	350		1.40	0.10	0.10	0.00	0.00	0.00	196.00	563.00	87.00
050801	1.5600	0.1000	0.1000	3.30	0.40	0.60	15	350		1.90	0.20	0.20	0.00	0.00	0.00	44.00	58.00	42.00
050802	1.7101	0.0000	0.0000	27.00	2.00	9.00	15	350		1.60	0.10	0.10	0.00	0.00	0.00	99.00	230.00	28.00
050814	5.3000	0.3000	0.3000	8.00	1.00	1.00	15	350		0.00	1.00	1.00	0.00	0.00	0.00	64.00	60.00	20.00
050820A	2.6147	0.0000	0.0000	527.00	158.00	69.00	20	1000	1.12	0.14	0.14	0.00	0.00	0.00	367.00	95.00	62.00
050826	0.2960	0.0010	0.0010	10.00	2.00	3.00	15	350		1.20	0.30	0.30	0.00	0.00	0.00	340.00	790.00	210.00
050904	6.2950	0.0020	0.0020	140.00	26.00	50.00	15	5000	1.15	0.12	0.12	0.00	0.00	0.00	313.90	172.00	89.00
050908	3.3467	0.0000	0.0000	6.20	0.70	1.30	15	350		1.70	0.20	0.20	0.00	0.00	0.00	69.80	145.70	21.00
050915A	2.5273	0.0003	0.0003	13.00	1.00	5.00	15	350		1.30	0.20	0.20	0.00	0.00	0.00	179.00	531.00	63.00
050922C	2.1992	0.0005	0.0005	73.00	5.00	5.00	20	2000	1.00	0.30	0.30	0.00	0.00	0.00	183.00	267.00	55.00
051001	2.4296	0.0003	0.0003	10.50	1.40	1.00	15	350		1.20	0.70	0.70	0.00	0.00	0.00	47.00	15.00	11.00
051006	1.0590	0.0000	0.0000	23.00	3.00	3.00	15	350		1.40	0.20	0.20	0.00	0.00	0.00	270.00	580.00	170.00
051016B	0.9364	0.0000	0.0000	1.40	0.20	0.30	15	350		1.00	0.30	0.30	2.10	0.30	0.30	37.00	19.00	36.00
051022	0.8090	0.0020	0.0020	2610.00	60.00	110.00	20	2000	1.18	0.04	0.04	0.00	0.00	0.00	510.00	37.00	33.00
051109A	2.3460	0.0000	0.0000	40.00	3.00	34.00	20	500		1.38	0.33	0.33	0.00	0.00	0.00	139.50	116.00	45.00
051111	1.5495	0.0000	0.0000	144.00	40.90	23.00	15	2000	1.23	0.07	0.07	0.00	0.00	0.00	521.00	273.00	149.00
051117B	0.4810	0.0000	0.0000	3.00	0.70	1.30	15	350		1.70	0.40	0.40	0.00	0.00	0.00	72.00	426.00	37.00
051221A	0.5464	0.0001	0.0001	32.00	1.00	17.00	20	2000	1.08	0.14	0.14	0.00	0.00	0.00	402.00	93.00	72.00
060115	3.5328	0.0000	0.0000	19.00	3.00	2.00	15	350		1.15	0.51	0.58	0.00	0.00	0.00	70.00	122.00	16.00
060121	4.6000	0.5000	0.5000	47.70	2.80	2.80	2	400		0.78	0.12	0.12	2.99	0.70	0.70	112.00	14.20	12.30
060124	2.2970	0.0000	0.0000	320.00	40.00	30.00	0.5	2000	1.48	0.03	0.03	0.00	0.00	0.00	193.00	78.00	39.00
060202	0.7850	0.0000	0.0000	38.00	3.00	4.00	15	350		1.70	0.10	0.10	0.00	0.00	0.00	88.00	344.00	26.00
060204B	2.3393	0.0000	0.0000	29.50	17.80	17.80	15	150		1.44	0.09	0.09	0.00	0.00	0.00	100.00	75.00	21.00
060206	4.0480	0.0002	0.0002	10.40	1.00	0.80	15	350		1.20	0.30	0.30	0.00	0.00	0.00	83.00	35.00	16.00
060210	3.9133	0.0000	0.0000	142.00	8.00	39.00	15	350		1.18	0.18	0.18	0.00	0.00	0.00	207.00	106.00	75.00
060218	0.0334	0.0000	0.0000	172.64	18.40	78.40	0.5	150		1.44	0.06	0.06	2.54	0.07	0.07	4.67	1.15	1.15
060223A	4.4080	0.0000	0.0000	7.70	1.86	1.86	15	350		1.22	0.48	0.55	0.00	0.00	0.00	71.99	226.94	16.64
060306	1.5597	0.0000	0.0000	21.30	1.18	1.18	15	150		1.80	0.10	0.10	0.00	0.00	0.00	10000.00	0.00	0.00
060319	1.1720	0.0000	0.0000	2.40	0.30	0.30	15	350		1.00	0.30	0.30	2.20	0.30	0.30	24.00	4.00	23.00
060418	1.4901	0.0001	0.0001	224.00	77.00	44.00	15	10000	1.52	0.07	0.07	0.00	0.00	0.00	624.00	671.00	240.00
060502A	1.5026	0.0000	0.0000	58.00	32.90	19.20	15	2000	1.29	0.16	0.16	0.00	0.00	0.00	282.00	447.00	124.00
060502B	0.2870	0.0000	0.0000	1.20	0.20	0.60	15	350		1.00	0.20	0.20	0.00	0.00	0.00	340.00	720.00	190.00
060505	0.0889	0.0000	0.0000	23.00	10.80	6.60	15	2000	1.23	0.33	0.33	0.00	0.00	0.00	443.02	481.95	154.01
060510B	4.9410	0.0000	0.0000	44.00	3.00	4.00	15	350		1.41	0.35	0.37	0.00	0.00	0.00	76.00	60.00	10.00
060512	0.4428	0.0000	0.0000	2.00	0.70	0.30	15	350		0.00	2.00	4.00	0.00	0.00	0.00	23.00	11.00	20.00
060522	5.1100	0.0100	0.0100	13.50	4.38	4.38	15	350		0.80	0.69	0.83	0.00	0.00	0.00	75.60	203.03	18.39
060526	3.2110	0.0010	0.0010	18.00	3.00	3.00	15	350		1.90	0.30	0.30	0.00	0.00	0.00	73.00	151.00	72.00
060602A	0.7870	0.0000	0.0000	35.00	4.00	8.00	15	350		1.30	0.20	0.20	0.00	0.00	0.00	280.00	570.00	150.00
060604	2.1357	0.0002	0.0002	2.70	0.90	0.70	15	350		1.99	1.00	1.00	2.20	0.70	0.50	37.00	49.00	36.00
060605	3.7730	0.0020	0.0020	6.10	1.70	0.90	15	350		0.30	0.70	0.90	0.00	0.00	0.00	142.00	359.00	50.00
060607A	3.0749	0.0000	0.0000	37.00	5.00	4.00	15	350		1.00	0.30	0.30	0.00	0.00	0.00	139.00	218.00	41.00
060614	0.1254	0.0005	0.0005	409.00	18.00	34.00	20	2000	1.90	0.04	0.04	0.00	0.00	0.00	390.00	820.00	250.00
060707	3.4250	0.0020	0.0020	19.00	7.00	2.00	15	350		0.70	0.80	0.80	0.00	0.00	0.00	64.00	25.00	14.00
060708	1.9200	0.1200	0.1200	6.50	1.00	0.70	15	350		1.00	0.50	0.50	0.00	0.00	0.00	99.00	122.00	29.00
060714	2.7110	0.0010	0.0010	43.00	3.00	4.00	15	350		1.90	0.10	0.10	0.00	0.00	0.00	53.00	94.00	49.00
060719	1.5320	0.0004	0.0004	21.00	1.00	4.00	15	350		1.90	0.10	0.10	0.00	0.00	0.00	55.00	52.00	52.00
060729	0.5428	0.0000	0.0000	43.00	3.00	3.00	15	350		1.80	0.10	0.10	0.00	0.00	0.00	67.00	229.00	25.00
060801	1.1304	0.0001	0.0001	9.00	0.80	1.00	15	2000	0.44	0.32	0.32	0.00	0.00	0.00	657.01	405.98	210.99
060814	1.9229	0.0004	0.0004	269.00	12.00	79.00	20	1000	1.43	0.15	0.16	0.00	0.00	0.00	257.00	122.00	58.00
060904B	0.7029	0.0000	0.0000	37.00	12.40	14.30	15	2000	1.16	0.16	0.16	0.00	0.00	0.00	331.00	527.00	142.00
060906	3.6856	0.0000	0.0000	36.00	3.00	4.00	15	350		2.00	0.10	0.10	0.00	0.00	0.00	47.00	25.00	45.00
060908	1.8836	0.0000	0.0000	68.00	38.10	24.90	15	2000	1.05	0.22	0.22	0.00	0.00	0.00	163.00	146.00	47.00
060912A	0.9370	0.0000	0.0000	40.00	0.00	0.00	20	2000	1.94	0.20	0.20	0.00	0.00	0.00	0.00	0.00	0.00
060927	5.4636	0.0000	0.0000	13.20	3.60	1.00	15	350		0.80	0.40	0.40	0.00	0.00	0.00	73.00	23.00	12.00
061006	0.4377	0.0002	0.0002	35.70	3.10	19.20	20	2000	0.62	0.20	0.20	0.00	0.00	0.00	664.00	227.00	144.00
061007	1.2622	0.0000	0.0000	2490.00	170.00	120.00	20	10000	0.70	0.04	0.04	2.61	0.18	0.18	399.00	19.00	18.00
061021	0.3463	0.0000	0.0000	99.30	6.90	41.40	20	2000	1.22	0.12	0.14	0.00	0.00	0.00	777.00	549.00	237.00
061028	0.7600	0.0000	0.0000	16.00	3.00	6.00	15	350		1.70	0.30	0.30	0.00	0.00	0.00	79.00	434.00	39.00
061110A	0.7578	0.0000	0.0000	20.00	2.00	6.00	15	350		1.60	0.10	0.10	0.00	0.00	0.00	106.00	300.00	40.00
061110B	3.4344	0.0000	0.0000	25.00	2.00	3.00	15	350		0.71	0.15	0.15	0.00	0.00	0.00	547.00	934.00	261.00
061121	1.3145	0.0000	0.0000	577.00	30.00	50.00	20	5000	1.32	0.05	0.05	0.00	0.00	0.00	605.90	90.00	72.00
061126	1.1588	0.0006	0.0006	300.00	40.00	40.00	15	2000	1.06	0.07	0.07	0.00	0.00	0.00	620.00	220.00	160.00
061201	0.1110	0.0000	0.0000	53.30	7.00	44.40	20	3000	0.36	0.40	0.65	0.00	0.00	0.00	873.00	458.00	284.00
061202	2.2543	0.0000	0.0000	50.00	6.00	6.00	100	500		1.78	0.21	0.22	0.00	0.00	0.00	10000.00	0.00	0.00
061210	0.4095	0.0002	0.0002	20.20	3.50	3.30	100	1000	0.80	0.10	0.10	0.00	0.00	0.00	540.00	760.00	310.00
061217	0.8270	0.0001	0.0001	1.20	0.30	0.40	15	350		1.00	0.30	0.30	0.00	0.00	0.00	400.00	810.00	260.00
061222A	2.0880	0.0000	0.0000	266.00	43.00	23.00	20	2000	0.94	0.13	0.14	2.41	1.21	0.28	283.00	59.00	42.00
061222B	3.3550	0.0000	0.0000	33.00	3.00	1.00	15	350		1.90	0.20	0.20	0.00	0.00	0.00	52.00	72.00	43.00
070103	2.6208	0.0007	0.0007	3.40	0.60	1.30	15	350		1.80	0.30	0.03	0.00	0.00	0.00	58.00	370.00	44.00
070110	2.3521	0.0000	0.0000	25.00	2.00	8.00	15	350		1.50	0.10	0.10	0.00	0.00	0.00	111.00	309.10	27.00
070125	1.5471	0.0000	0.0000	1750.00	130.00	140.00	20	10000	1.14	0.09	0.08	2.11	0.10	0.16	430.00	81.00	61.00
070129	2.3384	0.0003	0.0003	20.00	1.00	6.00	15	350		1.90	0.10	0.10	0.00	0.00	0.00	48.00	39.00	20.00
070223	1.6295	0.0000	0.0000	17.00	3.00	2.00	15	350		1.21	0.54	0.62	0.00	0.00	0.00	64.00	187.00	14.00
070306	1.4959	0.0001	0.0001	90.00	5.00	9.00	15	350		1.67	0.10	0.10	0.00	0.00	0.00	120.00	536.00	39.00
070318	0.8397	0.0000	0.0000	262.00	14.10	14.10	15	150		1.38	0.09	0.09	0.00	0.00	0.00	129.80	24.00	20.30
070328	2.0627	0.0000	0.0000	595.00	106.00	76.00	20	6000	0.99	0.13	0.11	1.99	0.18	0.40	496.00	172.00	119.00
070411	2.9538	0.0000	0.0000	42.00	2.00	3.00	15	350		1.70	0.10	0.10	0.00	0.00	0.00	120.00	555.90	39.00
070419A	0.9705	0.0000	0.0000	5.40	1.20	0.60	15	350		0.00	2.00	2.00	0.00	0.00	0.00	27.00	16.00	19.00
070419B	1.9591	0.0003	0.0003	119.00	3.00	17.00	15	350		1.52	0.05	0.05	0.00	0.00	0.00	208.00	433.00	74.00
070429B	0.9023	0.0003	0.0003	0.60	0.20	0.20	15	350		1.50	0.40	0.40	0.00	0.00	0.00	120.00	746.00	66.00
070506	2.3090	0.0000	0.0000	2.11	0.66	0.66	15	350		0.92	0.70	0.84	0.00	0.00	0.00	57.83	88.24	12.97
070508	0.8200	0.0000	0.0000	397.00	7.00	23.00	20	1000	0.81	0.07	0.07	0.00	0.00	0.00	188.00	8.00	8.00
070521	2.0865	0.0000	0.0000	181.00	6.00	31.00	20	1000	0.93	0.12	0.12	0.00	0.00	0.00	222.00	27.00	21.00
070611	2.0394	0.0000	0.0000	33.26	4.26	4.04	15	350		-0.07	2.07	1.45	0.00	0.00	0.00	67.00	113.00	26.00
070612A	0.6710	0.0000	0.0000	90.00	18.60	18.60	15	2000	0.70	0.18	0.18	0.00	0.00	0.00	214.00	42.00	32.00
070714B	0.9230	0.0000	0.0000	37.00	13.00	6.00	15	2000	0.86	0.10	0.10	0.00	0.00	0.00	780.00	380.00	380.00
070721B	3.6298	0.0000	0.0000	36.00	2.00	2.00	15	350		1.34	0.11	0.11	0.00	0.00	0.00	200.00	83.00	58.00
070724	0.4571	0.0003	0.0003	0.30	0.07	0.07	15	150		1.81	0.33	0.33	0.00	0.00	0.00	67.57	67.82	33.85
070802	2.4541	0.0000	0.0000	3.96	0.70	0.62	15	350		1.82	0.27	0.29	0.00	0.00	0.00	55.00	267.00	36.00
070810A	2.1700	0.0000	0.0000	5.7	0.5	0.5	15	350		0.89	0.80	0.80	0.00	0.00	0.00	42.00	6.00	6.00
071003	1.6044	0.0000	0.0000	403.00	15.20	93.30	15	2000	1.22	0.05	0.05	0.00	0.00	0.00	1222.00	435.00	295.00
071010B	0.9470	0.0000	0.0000	47.80	9.50	31.20	20	1000	1.25	0.49	0.74	2.65	0.49	0.29	52.00	10.00	14.00
071020	2.1462	0.0000	0.0000	77.10	3.90	47.60	20	2000	0.65	0.27	0.32	0.00	0.00	0.00	322.00	80.00	53.00
071021	2.4520	0.0004	0.0004	18.00	3.00	2.00	15	350		1.73	0.22	0.22	0.00	0.00	0.00	74.00	424.00	29.00
071112C	0.8227	0.0000	0.0000	30.00	4.00	4.00	15	150		1.09	0.07	0.07	0.00	0.00	0.00	421.60	138.00	104.00
071117	1.3308	0.0000	0.0000	58.40	3.00	24.00	20	1000	1.53	0.15	0.16	0.00	0.00	0.00	278.00	236.00	79.00
071122	1.1400	0.0000	0.0000	5.80	1.10	1.10	15	150		1.77	0.31	0.31	0.00	0.00	0.00	73.30	69.80	35.70
071227	0.3810	0.0010	0.0010	11.00	29.20	1.80	15	2000	0.71	0.22	0.22	0.00	0.00	0.00	1629.98	738.02	481.97
080207	2.0858	0.0003	0.0003	61.00	2.00	2.00	15	150		1.58	0.06	0.06	0.00	0.00	0.00	88.80	10.80	9.60
080210	2.6419	0.0000	0.0000	27.00	2.00	1.00	15	350		1.75	0.12	0.13	0.00	0.00	0.00	90.00	463.00	36.00
080310	2.4274	0.0000	0.0000	0.73	0.15	0.14	15	150		0.67	1.19	1.71	0.00	0.00	0.00	41.90	27.00	8.00
080319B	0.9371	0.0000	0.0000	6130.00	130.00	130.00	20	7000	0.86	0.01	0.01	3.59	0.32	0.62	675.00	22.00	22.00
080319C	1.9492	0.0000	0.0000	201.00	10.40	10.40	15	2000	1.34	0.07	0.07	0.00	0.00	0.00	1349.00	606.00	384.00
080325	1.7831	0.0003	0.0003	77.00	7.00	8.00	15	350		1.67	0.18	0.18	0.00	0.00	0.00	111.00	399.00	42.00
080411	1.0301	0.0000	0.0000	629.00	31.00	29.00	20	2000	1.51	0.04	0.05	0.00	0.00	0.00	259.00	35.00	27.00
080413A	2.4330	0.0000	0.0000	85.00	14.30	41.90	15	2000	1.29	0.12	0.12	0.00	0.00	0.00	179.00	102.00	45.00
080413B	1.1014	0.0000	0.0000	37.30	4.93	4.93	15	350		1.26	0.27	0.27	0.00	0.00	0.00	73.30	15.80	15.80
080430	0.7580	0.0010	0.0010	117.00	5.02	5.02	15	150		1.73	0.08	0.08	0.00	0.00	0.00	66.40	10.80	9.40
080514B	1.8000	0.4000	0.3000	323.00	26.00	27.00	20	5000	0.60	0.13	0.16	2.48	0.18	0.25	224.00	23.00	22.00
080602	1.6408	0.0000	0.0000	79.20	14.70	14.50	20	1000	0.96	0.62	0.76	0.00	0.00	0.00	10000.00	0.00	0.00
080603B	2.6893	0.0000	0.0000	45.00	15.30	9.00	20	1000	1.23	0.75	0.54	0.00	0.00	0.00	102.00	119.00	28.00
080605	1.6403	0.0000	0.0000	302.00	13.00	12.00	20	2000	1.03	0.07	0.07	0.00	0.00	0.00	333.00	42.00	34.00
080607	3.0363	0.0003	0.0003	893.00	52.00	47.00	20	4000	1.08	0.08	0.09	0.00	0.00	0.00	394.00	58.00	54.00
080710	0.8454	0.0000	0.0000	14.00	2.00	2.00	15	150		1.47	0.23	0.23	2.50	0.00	0.00	140.00	0.00	0.00
080721	2.5914	0.0000	0.0000	838.00	62.00	60.00	20	5000	0.93	0.11	0.08	2.43	0.24	0.42	485.00	67.00	59.00
080804	2.2045	0.0000	0.0000	380.00	21.30	21.30	15	150		1.09	0.10	0.10	0.00	0.00	0.00	227.00	49.90	40.20
080805	1.5042	0.0000	0.0000	45.00	2.00	3.00	15	350		1.54	0.09	0.09	0.00	0.00	0.00	300.00	552.00	289.00
080810	3.3510	0.0000	0.0000	170.00	20.00	10.00	15	1000	1.20	0.10	0.10	2.50	0.00	0.00	580.00	850.00	260.00
080905A	0.1218	0.0003	0.0000	8.50	0.46	0.46	10	1000	-0.12	0.41	0.41	2.35	0.67	0.67	311.23	87.30	87.30
080905B	2.3739	0.0000	0.0000	29.03	0.40	0.40	10	1000	0.86	0.22	0.22	2.29	0.65	0.65	181.20	60.70	60.70
080913A	6.7330	0.0000	0.0000	8.50	6.00	2.20	15	1000	0.89	0.65	0.46	0.00	0.00	0.00	131.00	225.00  48.00
080916A	0.6887	0.0000	0.0000	55.40	7.90	6.60	20	1000	1.00	0.32	0.38	0.00	0.00	0.00	129.00	33.00	21.00
080916C	4.3500	0.1500	0.1500	2400.00	100.00	100.00	10	10000000	0.91	0.02	0.02	2.08	0.06	0.06	424.00	24.00	24.00
080928	1.6919	0.0000	0.0000	25.00	2.00	2.00	15	150		1.77	0.12	0.12	0.00	0.00	0.00	62.00	16.00	13.00
081007	0.5295	0.0001	0.0001	12.00	1.00	1.00	25	900		1.40	0.40	0.40	0.00	0.00	0.00	40.00	10.00	10.00
081008	1.9685	0.0000	0.0000	53.40	8.89	8.89	15	350		1.30	0.33	0.27	0.00	0.00	0.00	88.15	165.04	18.14
081028	3.0380	0.0000	0.0000	42.70	6.74	6.74	15	350		1.25	0.45	0.31	0.00	0.00	0.00	58.08	36.37	8.50
081029	3.8479	0.0002	0.0002	214.00	24.70	24.70	15	150		1.41	0.18	0.18	0.00	0.00	0.00	123.70	51.40	36.10
081109	0.9787	0.0005	0.0005	65.50	0.60	0.60	10	1000	0.67	1.85	1.85	1.65	0.35	0.35	32.40	38.20	20.00
081118	2.5800	0.0000	0.0000	16.10	2.27	2.27	15	350		0.80	0.50	0.50	2.14	0.08	0.08	41.20	3.90	3.90
081121	2.5120	0.0000	0.0000	179.00	37.00	31.00	20	7000	0.77	0.14	0.15	2.51	0.66	0.31	248.00	32.00	38.00
081203A	2.0500	0.0100	0.0100	305.00	140.00	89.00	20	3000	1.33	0.20	0.20	0.00	0.00	0.00	578.00	2398.00	290.00
081210	2.0631	0.0000	0.0000	38.00	3.00	4.00	15	350		1.36	0.15	0.14	0.00	0.00	0.00	223.00	588.00	114.00
081221	2.2600	0.0000	0.0000	370.00	10.00	10.00	8	10000	0.42	0.03	0.03	2.91	0.08	0.08	77.00	1.00	1.00
081222	2.7700	0.0000	0.0000	132.00	48.00	40.00	20	1000	0.67	0.39	0.39	2.35	1.25	0.30	165.00	47.00	29.00
090102	1.5480	0.0010	0.0010	309.00	29.00	25.00	20	2000	0.86	0.14	0.14	0.00	0.00	0.00	451.00	73.00	58.00
090205	4.6503	0.0025	0.0025	1.71	0.40	0.40	15	350		0.79	1.10	1.48	0.00	0.00	0.00	34.34	9.52	21.49
090313	3.3736	0.0004	0.0004	21.00	4.00	3.00	15	350		1.89	0.31	0.30	0.00	0.00	0.00	55.00	202.00	51.00
090323	3.5774	0.0005	0.0005	2020.00	280.00	250.00	20	10000	0.96	0.09	0.12	2.09	0.22	0.16	416.00	76.00	73.00
090328	0.7354	0.0003	0.0003	809.00	10.00	10.00	8	1000	0.93	0.02	0.02	2.20	0.10	0.10	653.00	45.00	45.00
090417B	0.3450	0.0000	0.0000	23.00	2.00	2.00	15	150		1.85	0.14	0.14	0.00	0.00	0.00	10000.00	0.00	0.00
090418A	1.6080	0.0000	0.0000	179.00	21.00	21.00	15	1200	1.30	0.09	0.09	0.00	0.00	0.00	610.00	530.00	164.00
090423	8.2300	0.0600	0.0600	11.00	3.00	3.00	8	1000	0.77	0.35	0.35	0.00	0.00	0.00	82.00	15.00	15.00
090424	0.5440	0.0000	0.0000	520.00	10.00	10.00	8	1000	0.90	0.02	0.02	2.90	0.10	0.10	177.00	3.00	3.00
090510	0.9030	0.0010	0.0010	300.00	20.00	20.00	8	40000	0.80	0.03	0.03	2.60	0.30	0.30	4400.00	400.00	400.00
090516A	4.1110	0.0060	0.0060	230.00	50.00	50.00	8	1000	1.50	0.20	0.30	0.00	0.00	0.00	190.00	230.00  65.00
090530	1.2800	0.1600	0.1600	11.80	3.41	3.41	15	350		0.70	0.70	0.84	0.00	0.00	0.00	69.94	75.61	15.12
090618	0.5400	0.0000	0.0000	2820.00	60.00	60.00	20	2000	1.28	0.03	0.03	3.06	0.30	0.50	220.00	8.00	8.00
090715B	3.0000	0.0000	0.0000	93.00	15.00	11.00	20	2000	1.10	0.40	0.34	0.00	0.00	0.00	134.00	56.00	30.00
090809	2.7370	0.0020	0.0020	36.50	6.11	0.00	15	150		1.35	0.25	0.26	0.00	0.00	0.00	137.90	87.80	53.00
090812	2.4521	0.0010	0.0010	261.00	34.00	34.00	15	1400	1.03	0.07	0.07	0.00	0.00	0.00	586.00	243.00	152.00
090814A	0.6940	0.0020	0.0020	13.00	2.00	2.00	15	350		0.68	0.99	0.11	0.00	0.00	0.00	46.00	21.00	11.00
090902B	1.8229	0.0004	0.0004	4860.00	60.00	60.00	8	30000000	0.61	0.01	0.01	3.87	0.16	0.16	798.00	7.00	7.00
090926A	2.1071	0.0001	0.0001	1800.00	80.00	70.00	20	10000	0.76	0.03	0.03	2.59	0.13	0.10	321.00	12.00	12.00
090926B	1.2400	0.0000	0.0000	87.00	3.00	3.00	10	1000	0.13	0.06	0.06	0.00	0.00	0.00	91.00	2.00	2.00
090927	1.3700	0.0000	0.0000	4.94	1.14	0.95	15	350		1.77	0.37	0.34	0.00	0.00	0.00	60.65	527.35	55.11
091003	0.8969	0.0000	0.0000	376.00	4.00	4.00	8	1000	1.13	0.01	0.01	2.64	0.24	0.24	486.21	23.62	23.62
091018	0.9710	0.0003	0.0003	14.00	1.00	1.00	15	150		1.77	0.24	0.24	0.00	0.00	0.00	19.18	18.01	11.01
091020	1.7100	0.0000	0.0000	104.00	21.00	21.00	20	2000	0.93	0.30	0.30	1.90	0.80	0.20	102.99	248.01	68.01
091024	1.0924	0.0002	0.0002	305.00	24.00	35.00	20	10000	1.09	0.08	0.10	2.50	0.00	0.00	508.00	130.00	84.00
091024	1.0924	0.0002	0.0002	130.00	26.00	14.00	20	10000	1.57	0.17	0.20	2.50	0.00	0.00	161.00	148.00	87.00
091024	1.0924	0.0002	0.0002	878.00	52.00	40.00	20	10000	1.46	0.06	0.06	2.50	0.00	0.00	230.00	46.00	34.00
091024	1.0924	0.0002	0.0002	264.00	110.00	67.00	20	10000	1.73	0.13	0.13	0.00	0.00	0.00	300.00	100.00	100.00
091029	2.7520	0.0000	0.0000	28.90	3.50	3.50	15	350		1.47	0.27	0.82	0.00	0.00	0.00	61.30	25.96	9.20
091109A	3.0760	0.0020	0.0020	36.00	6.00	6.00	15	350		1.23	0.26	0.27	0.00	0.00	0.00	448.00	847.00	272.00
091127	0.4904	0.0001	0.0001	187.00	2.00	2.00	8	1000	1.27	0.06	0.06	2.20	0.02	0.02	36.00	2.00	2.00
091208B	1.0633	0.0003	0.0003	58.00	2.00	2.00	8	1000	1.48	0.05	0.05	0.00	0.00	0.00	144.20	18.00	13.90
100117A	0.9150	0.0000	0.0000	4.10	0.50	0.50	8	1000	-0.14	0.33	0.27	0.00	0.00	0.00	287.00	74.00	50.00
100206A	0.4068	0.0000	0.0000	9.30	0.40	0.40	8	1000	0.09	0.15	0.17	2.35	0.43	0.24	439.00	73.00	60.00
100414A	1.3680	0.0000	0.0000	1060.00	60.00	60.00	20	5000	0.46	0.07	0.07	3.20	1.50	0.40	547.00	21.00	22.00
100424A	2.4650	0.0000	0.0000	15.00	1.00	1.00	15	150		1.83	0.13	0.13	0.00	0.00	0.00	55.10	15.50	12.10
100615A	1.3980	0.0000	0.0000	87.20	0.80	0.80	10	1000	0.90	0.18	0.18	1.80	0.03	0.03	53.30	9.93	9.93
100621A	0.5420	0.0000	0.0000	360.00	40.00	40.00	20	2000	1.70	0.13	0.13	2.45	0.00	0.00	95.00	18.00	13.00
100625A	0.4520	0.0020	0.0020	8.3	1.5	1.5	20	2000	0.1	0.6	0.5	0.00	0.00	0.00	414	128	78
100728A	1.5670	0.0000	0.0000	1950.00	350.00	350.00	20	10000	0.65	0.09	0.09	2.50	0.20	0.30	305.00	27.00	25.00
100728B	2.1060	0.0000	0.0000	24.00	1.00	1.00	8	1000	0.90	0.10	0.10	0.00	0.00	0.00	131.00	15.00	15.00
100814A	1.4400	0.0000	0.0000	120.00	20.00	20.00	20	2000	0.40	0.40	0.30	0.00	0.00	0.00	128.00	23.00	17.00
100816A	0.8035	0.0000	0.0000	38.40	1.30	1.30	10	1000	0.31	0.05	0.05	2.77	0.17	0.17	136.70	4.73	4.73
100901A	1.4084	0.0000	0.0000	21.00	3.00	3.00	15	150		1.52	0.21	0.21	0.00	0.00	0.00	99.50	49.10	32.90
100906A	1.7270	0.0000	0.0000	264.00	3.00	3.00	10	1000	1.34	0.08	0.06	1.98	0.07	0.06	106.00	17.50	20.20
101219A	0.7180	0.0000	0.0000	36.00	5.00	5.00	20	10000	-0.22	0.30	0.25	0.00	0.00	0.00	490.00	103.00	79.00
101219B	0.5519	0.0001	0.0001	55.00	4.00	4.00	10	1000	0.33	0.36	0.36	2.12	0.12	0.12	70.00	8.00	8.00
110205A	2.2144	0.0004	0.0004	366.00	35.00	35.00	20	1200	1.52	0.14	0.14	0.00	0.00	0.00	222.00	74.00	74.00
110213A	1.4607	0.0001	0.0001	100.00	15.00	15.00	20	2000	1.65	0.30	0.20	0.00	0.00	0.00	91.00	31.00	26.00
110422A	1.7700	0.0010	0.0010	856.00	2.00	2.00	20	2000	0.65	0.06	0.06	2.96	0.14	0.19	152.00	5.00	5.00
110503A	1.6130	0.0000	0.0000	260.00	20.00	20.00	20	5000	0.98	0.08	0.09	2.70	0.50	0.20	219.00	20.00	19.00
110715A	0.8224	0.0002	0.0002	230.00	20.00	20.00	20	10000	1.23	0.09	0.08	2.70	0.20	0.50	120.00	12.00	11.00
110731A	2.8300	0.0000	0.0000	163.00	11.00	10.00	20	6000	0.74	0.16	0.15	0.00	0.00	0.00	288.00	30.00	25.00
110801A	1.8580	0.0000	0.0000	73.00	17.00	9.00	15	1200	1.70	0.12	0.15	0.00	0.00	0.00	140.00	1270.00	50.00
110818A	3.3600	0.0000	0.0000	51.50	0.30	0.30	10	1000	1.11	0.17	0.17	1.76	0.10	0.10	183.00	85.00	85.00
111008A	4.9914	0.0001	0.0001	90.00	9.00	9.00	20	2000	1.36	0.24	0.21	0.00	0.00	0.00	149.00	52.00	28.00
111117A	2.1100	0.0000	0.0000	5.64	0.13	0.13	10	1000	0.69	0.15	0.17	0.00	0.00	0.00	438.94	158.16	158.16
111209A	0.6770	0.0001	0.0001	4860.00	610.00	610.00	20	1400	1.31	0.09	0.09	0.00	0.00	0.00	310.00	53.00	53.00
111225A	0.2970	0.0000	0.0000	15.00	5.63	5.63	15	350		1.26	0.52	0.72	0.00	0.00	0.00	73.07	21.56	21.56
111228A	0.7163	0.0000	0.0000	180.00	10.00	10.00	10	1000	1.90	0.10	0.10	2.70	0.30	0.30	34.00	4.00	4.00
120119A	1.7280	0.0000	0.0000	470.00	60.00	60.00	20	2000	0.85	0.20	0.16	2.34	0.15	0.22	153.00	21.00	19.00
120326A	1.7980	0.0000	0.0000	32.60	0.50	0.50	10	1000	0.67	0.19	0.19	2.33	0.09	0.09	44.00	4.00	4.00
120327A	2.8145	0.0001	0.0001	36.00	1.00	1.00	15	150		1.52	0.06	0.06	0.00	0.00	0.00	99.50	12.10	10.80
120422A	0.2825	0.0001	0.0001	2.72	1.75	1.75	15	150		0.40	0.96	1.24	0.00	0.00	0.00	91.49	91.49	30.12
120521C	6.0000	0.0000	0.0000	13.40	4.06	4.06	15	350		1.28	0.44	0.49	0.00	0.00	0.00	75.08	514.70	19.05
120624B	2.1974	0.0020	0.0020	2750.00	100.00	100.00	20	10000	1.02	0.10	0.12	2.60	2.00	0.40	530.00	90.00	80.00
120711A	1.4050	0.0000	0.0000	1942.00	2.00	2.00	10	1000	0.94	0.01	0.01	2.40	0.04	0.04	973.00	35.00	35.00
120712A	4.1745	0.0000	0.0000	44.30	0.50	0.50	10	1000	0.60	0.20	0.20	1.80	0.20	0.20	124.00	26.00	26.00
120714B	0.3984	0.0000	0.0000	13.02	1.82	1.82	15	350		0.69	0.69	0.83	0.00	0.00	0.00	72.52	111.36	17.67
120716A	2.4860	0.0000	0.0000	130.00	30.00	30.00	20	10000	1.00	0.08	0.08	2.08	0.07	0.07	114.00	12.00	12.00
120802A	3.7960	0.0000	0.0000	25.60	2.42	2.42	15	350		1.21	0.44	0.50	0.00	0.00	0.00	57.24	29.33	9.40
120804A	1.3000	0.0000	0.0000	14.50	3.00	3.10	15	1000	0.89	0.28	0.24	0.00	0.00	0.00	135.00	66.00	29.00
120811C	2.6710	0.0000	0.0000	29.80	0.80	0.80	10	1000	0.71	0.20	0.20	0.00	0.00	0.00	54.00	3.00	3.00
120815A	2.3586	0.0001	0.0001	6.08	1.14	1.14	15	350		1.03	1.07	1.45	0.00	0.00	0.00	28.63	20.00	10.00
120907A	0.9700	0.0000	0.0000	7.80	1.10	1.10	10	1000	0.75	0.25	0.25	0.00	0.00	0.00	154.50	32.90	32.90
120909A	3.9300	0.0000	0.0000	210.00	20.00	20.00	10	1000	1.30	0.10	0.10	0.00	0.00	0.00	370.00	140.00	140.00
121027A	1.7730	0.0000	0.0000	20.00	1.00	1.00	15	150		1.82	0.09	0.09	0.00	0.00	0.00	56.10	10.50	8.90
121128A	2.2000	0.0000	0.0000	70.00	6.00	6.00	20	10000	0.94	0.14	0.14	3.36	0.48	0.48	76.00	4.00	4.00
121211A	1.0230	0.0000	0.0000	6.40	0.40	0.40	10	1000	0.27	0.37	0.37	4.80	0.16	0.16	100.00	16.00	16.00
130408A	3.7580	0.0000	0.0000	120.00	2.00	2.00	20	10000	0.40	0.20	0.20	2.30	0.20	0.20	211.00	29.00	29.00
130418A	1.2175	0.0001	0.0001	157.00	25.00	25.00	20	10000	2.12	0.09	0.09	0.00	0.00	0.00	0.00	0.00	0.00
130420A	1.2970	0.0000	0.0000	116.00	2.00	2.00	10	1000	1.13	0.12	0.12	0.00	0.00	0.00	58.00	3.00	3.00
130427A	0.3399	0.0002	0.0002	26800.00	100.00	100.00	20	10000	0.96	0.01	0.01	4.17	0.16	0.16	1028.00	8.00	8.00
130505A	2.2700	0.0000	0.0000	3130.00	60.00	60.00	20	10000	0.69	0.04	0.04	2.03	0.03	0.03	631.00	31.00	31.00
130514A	3.67 	0.11	0.14	137.00	5.71	5.71 	15	350	1.44	0.14	0.17	0.00	0.00	0.00	110.00	42.00	21.00
130518A	2.4880	0.0000	0.0000	930.00	6.00	6.00	10	1000	0.86	0.01	0.01	2.27	0.04	0.04	396.00	9.00	9.00
130603B	0.3564	0.0002	0.0002	66.00	7.00	7.00	20	10000	0.73	0.15	0.15	0.00	0.00	0.00	660.00	100.00	100.00
130606A	5.9129	0.0000	0.0000	49.80	6.42	6.42	15	350		1.14	0.15	0.15	0.00	0.00	0.00	294.00	90.00	50.00
130610A	2.0920	0.0000	0.0000	61.00	4.00	4.00	10	1000	1.00	0.10	0.10	0.00	0.00	0.00	294.90	42.90	42.90
130612A	2.0060	0.0000	0.0000	5.70	0.60	0.60	10	1000	1.30	0.30	0.30	0.00	0.00	0.00	61.90	10.50	10.50
130701A	1.1550	0.0000	0.0000	5.80	0.20	0.20	20	10000	1.10	0.10	0.10	0.00	0.00	0.00	89.00	4.00	4.00
130702A	0.1450	0.0000	0.0000	63.00	20.00	20.00	10	1000	1.65	0.02	0.02	0.00	0.00	0.00	10000.00	0.00	0.00
130831A	0.4791	0.0000	0.0000	76.00	4.00	4.00	20	10000	1.61	0.06	0.06	3.30	0.30	0.30	55.00	4.00	4.00
130907A	1.2380	0.0000	0.0000	7900.00	500.00	500.00	20	10000	0.91	0.02	0.02	2.42	0.07	0.07	394.00	11.00	11.00
130925A	0.3470	0.0000	0.0000	5000.00	100.00	100.00	20	10000	1.42	0.04	0.04	0.00	0.00	0.00	181.00	10.00	10.00
131004A	0.7170	0.0000	0.0000	6.20	0.60	0.60	10	1000	1.23	0.47	0.54	0.00	0.00	0.00	60.60	64.10	12.10
131011A	1.8740	0.0000	0.0000	660.00	3.00	3.00	10	1000	0.79	0.08	0.08	2.01	0.10	0.10	220.00	30.00	30.00
131030A	1.2950	0.0000	0.0000	660.00	40.00	40.00	20	10000	0.71	0.12	0.12	2.95	0.28	0.28	177.00	10.00	10.00
131103A	0.5955	0.0000	0.0000	14.56	2.18	2.18	15	350		1.53	0.78	0.56	0.00	0.00	0.00	46.59	46.59	36.51
131105A	1.6860	0.0000	0.0000	230.00	20.00	20.00	20	10000	0.88	0.38	0.38	2.33	0.33	0.33	156.00	38.00	38.00
131108A	2.4000	0.0000	0.0000	415.00	25.00	25.00	20	10000	1.11	0.05	0.05	2.72	0.06	0.06	340.00	11.00	11.00
131117A	4.0420	0.0000	0.0000	2.49	0.44	0.44	15	350		-0.40	1.16	1.65	0.00	0.00	0.00	43.96	9.39	5.44
131231A	0.6420	0.0000	0.0000	1550.00	5.00	5.00	20	10000	1.28	0.04	0.04	2.47	0.05	0.05	163.00	6.00	6.00
140206A	2.7390	0.0010	0.0010	147.00	3.00	3.00	10	1000	0.20	0.10	0.10	2.40	0.10	0.10	120.00	6.00	6.00
140213A	1.2076	0.0000	0.0000	204.00	3.00	3.00	10	1000	1.01	0.03	0.03	2.41	0.04	0.04	80.00	2.00	2.00
140226A	1.9800	0.0000	0.0000	56.00	11.00	11.00	20	10000	1.10	0.10	0.10	0.00	0.00	0.00	414.00	79.00	79.00
140311A	4.9540	0.0000	0.0000	24.34	10.05	4.46	15	350		0.77	1.00	1.51	0.00	0.00	0.00	77.88	250.45	27.47
140318A	1.0200	0.0000	0.0000	3.50	1.52	0.71	15	350		0.21	1.25	1.67	0.00	0.00	0.00	128.40	434.15	60.53
140419A	3.9560	0.0000	0.0000	580.00	280.00	190.00	20	10000	0.63	0.22	0.36	2.30	2.50	0.40	293.00	84.00	84.00
140423A	3.2600	0.0000	0.0000	200.00	10.00	10.00	10	1000	0.25	0.11	0.11	1.97	0.06	0.06	125.00	9.00	9.00
140428A	4.7000	0.0000	0.0000	3.33	1.58	1.58	15	350		0.41	1.07	1.39	0.00	0.00	0.00	64.70	212.30	16.95
140430A	1.6000	0.0000	0.0000	15.01	2.25	1.91	15	350		1.00	0.50	0.50	2.03	0.27	0.25	15.00	25.37	14.00
140506A	0.8891	0.0000	0.0000	66.00	18.00	16.00	20	10000	1.30	0.20	0.30	2.30	7.70	0.40	187.00	90.00	59.00
140508A	1.0270	0.0000	0.0000	740.00	80.00	70.00	20	10000	1.11	0.08	0.09	2.50	0.40	0.20	213.00	23.00	20.00
140512A	0.7250	0.0000	0.0000	480.00	200.00	80.00	20	10000	0.85	0.47	0.61	0.00	0.00	0.00	279.00	148.00	69.00
140515A	6.3200	0.0000	0.0000	6.32	1.22	1.22	15	350		0.98	0.59	0.69	0.00	0.00	0.00	51.28	21.03	8.41
140518A	4.7070	0.0000	0.0000	10.80	1.54	1.54	15	350		0.92	0.57	0.66	0.00	0.00	0.00	43.89	8.62	6.60
140606B	0.3843	0.0001	0.0001	66.00	5.00	5.00	20	10000	0.60	0.18	0.20	0.00	0.00	0.00	254.00	33.00	27.00
140620A	2.0400	0.0000	0.0000	53.00	2.00	2.00	10	1000	1.10	0.10	0.10	0.00	0.00	0.00	77.00	5.00	5.00
140622A	0.9590	0.0000	0.0000	0.27	0.05	0.05	15	150		-1.10	1.80	1.80	0.00	0.00	0.00	44.2	7.4	7.4
140623A	1.9200	0.0000	0.0000	68.00	6.00	6.00	10	1000	1.46	0.10	0.10	0.00	0.00	0.00	350.00	220.00	100.00
140629A	2.2750	0.0030	0.0030	34.00	5.00	5.00	20	10000	1.42	0.54	0.54	0.00	0.00	0.00	86.00	17.00	17.00
140703A	3.1400	0.0000	0.0000	60.90	7.31	7.31	15	350		1.10	0.06	0.06	0.00	0.00	0.00	177.00	14.00	14.00
140801A	1.3190	0.0030	0.0030	110.00	4.00	4.00	20	10000	0.44	0.17	0.18	0.00	0.00	0.00	108.00	5.00	4.00
140808A	3.2900	0.0000	0.0000	31.20	3.30	3.00	20	10000	0.95	0.26	0.29	0.00	0.00	0.00	127.00	27.00	18.00
140808A	3.2900	0.0000	0.0000	42.00	40.00	12.00	20	10000	1.22	0.37	0.48	0.00	0.00	0.00	376.00	1558.00	158.00
140903A	0.3510	0.0000	0.0000	1.39	0.25	0.25	15	350		1.35	0.48	0.55	0.00	0.00	0.00	44.27	16.07	11.79
140907A	1.2100	0.0000	0.0000	55.00	2.00	2.00	10	1000	0.97	0.08	0.08	0.00	0.00	0.00	113.00	7.00	7.00
141004A	0.5730	0.0000	0.0000	22.00	2.00	2.00	10	1000	1.30	0.10	0.10	0.00	0.00	0.00	147.00	28.00	28.00
141028A	2.3320	0.0000	0.0000	347.80	0.90	0.90	10	1000	0.71	0.03	0.03	1.93	0.03	0.03	249.90	12.60	12.60
141109A	2.9930	0.0000	0.0000	137.00	20.00	18.00	20	1200	1.24	0.25	0.37	0.00	0.00	0.00	191.00	76.00	43.00
141121A	1.4700	0.0000	0.0000	80.00	20.00	20.00	20	10000	1.42	0.45	0.57	0.00	0.00	0.00	84.77	30.13	30.13
141212A	0.5960	0.0000	0.0000	0.92	0.33	0.33	15	350		1.14	0.43	0.94	0.00	0.00	0.00	94.26	37.70	37.70
141220A	1.3195	0.0000	0.0000	47.00	5.00	4.00	20	10000	0.55	0.26	0.30	0.00	0.00	0.00	139.00	18.00	14.00
141221A	1.4520	0.0000	0.0000	34.00	4.00	4.00	8	1000	1.07	0.13	0.13	0.00	0.00	0.00	152.40	28.50	28.50
141225A	0.9150	0.0000	0.0000	65.00	3.00	3.00	10	1000	0.35	0.17	0.17	2.01	0.10	0.10	187.00	29.00	29.00
150101B	0.1340	0.0000	0.0000	0.26	0.15	0.15	15	350		-0.13	1.38	2.03	0.00	0.00	0.00	84.67	809.47	24.27
150120A	0.4600	0.0000	0.0000	3.40	0.8		0.8		10	1000	1.43	0.24	0.28	0.00	0.00	0.00	130.0	150.0	50.0
150120B	3.5000	0.5000	0.5000	5.26	1.83	1.83	15	350		1.45	0.56	1.32	0.00	0.00	0.00	28.91	16.53	16.53
150206A	2.0870	0.0000	0.0000	552.00	69.00	64.00	20	10000	0.73	0.14	0.18	2.20	0.22	0.15	228.00	37.00	35.00
150301B	1.5169	0.0000	0.0000	44.00	2.00	2.00	10	1000	1.10	0.10	0.10	2.01	0.20	0.20	180.00	38.00	38.00
150314A	1.7580	0.0000	0.0000	910.00	40.00	40.00	20	10000	0.79	0.04	0.04	2.91	0.28	0.18	350.00	17.00	17.00
150323A	0.5930	0.0000	0.0000	110.00	10.00	10.00	20	10000	1.22	0.28	0.32	0.00	0.00	0.00	95.00	16.00	13.00
150403A	2.0600	0.0000	0.0000	1000.00	100.00	100.00	20	10000	0.93	0.07	0.08	2.06	0.12	0.18	373.00	58.00	48.00
150413A	3.1390	0.0030	0.0030	142.00	20.00	19.00	15	1200	1.01	0.44	0.65	0.00	0.00	0.00	96.00	56.00	22.00
150423A	1.3940	0.0000	0.0000	0.87	0.59	0.59	15	350		-0.25	1.05	1.39	0.00	0.00	0.00	123.50	2149.32	38.95
150514A	0.8070	0.0000	0.0000	37.00	7.00	7.00	20	10000	1.44	0.29	0.33	0.00	0.00	0.00	60.00	10.00	14.00
150727A	0.3130	0.0000	0.0000	79.00	3.00	3.00	10	1000	2.10	0.20	0.20	0.00	0.00	0.00	149.00	10.00	10.00
150818A	0.2820	0.0000	0.0000	4.80	0.90	0.90	15	150		1.72	0.27	0.27	0.00	0.00	0.00	68.00	46.00	27.00
150821A	0.7550	0.0000	0.0000	916.00	238.00	222.00	20	10000	1.47	0.09	0.15	2.21	7.79	0.29	350.00	202.00	125.00
150910A	1.3590	0.0000	0.0000	137.96	11.58	17.39	15	350		1.43	0.13	0.32	0.00	0.00	0.00	271.83	522.06	169.04
150915A	1.9680	0.0000	0.0000	9.22	2.84	2.84	15	350		1.00	0.30	0.30	2.51	0.45	0.38	28.20	0.00	0.00
151021A	2.3300	0.0000	0.0000	766.00	97.00	87.00	20	10000	1.14	0.14	0.15	2.46	0.32	0.18	170.00	23.00	18.00
151027A	0.8100	0.0000	0.0000	142.00	37.00	21.00	20	10000	1.44	0.21	0.24	0.00	0.00	0.00	173.00	135.00	46.00
151029A	1.4230	0.0000	0.0000	4.31	1.45	1.45	15	350		1.00	2.33	0.49	0.00	0.00	0.00	24.57	7.30	23.92
151111A	3.5000	0.3000	0.3000	20.50	1.30	1.30	10	1000	0.00	0.20	0.20	0.00	0.00	0.00	107.00	8.00	8.00
151112A	4.1000	0.3000	0.3000	13.50	2.87	2.87	15	350		1.31	0.66	0.87	0.00	0.00	0.00	49.66	34.95	22.08
151215A	2.5900	0.0000	0.0000	2.91	1.63	1.63	15	350		1.11	1.19	2.06	0.00	0.00	0.00	39.17	20.00	20.00
160117B	0.8700	0.0000	0.0000	4.15	0.72	0.72	15	350		1.00	0.30	0.30	2.29	0.22	0.20	12.00	0.00	0.00
160121A	1.9600	0.0000	0.0000	6.42	1.42	1.42	15	350		1.05	0.55	0.63	0.00	0.00	0.00	59.55	44.78	11.25
160131A	0.9720	0.0000	0.0000	3620.00	310.00	320.00	20	10000	0.97	0.15	0.24	1.56	0.10	0.07	586.00	518.00	259.00
160203A	3.5200	0.0000	0.0000	12.30	4.43	4.43	15	350		1.38	0.71	0.98	0.00	0.00	0.00	50.26	25.00	25.00
160227A	2.3800	0.0000	0.0000	33.90	5.59	5.59	15	350		0.75	0.48	0.54	0.00	0.00	0.00	65.77	23.11	9.79
160228A	1.6400	0.0000	0.0000	34.90	6.97	6.97	15	350		1.17	0.23	0.44	0.00	0.00	0.00	326.69	160.00	160.00
160410A	1.7170	0.0000	0.0000	120.00	30.00	30.00	20	10000	0.71	0.20	0.26	0.00	0.00	0.00	1416.00	528.00	356.00
160509A	1.1700	0.0000	0.0000	2900.00	350.00	350.00	20	10000	0.99	0.08	0.10	2.08	0.17	0.12	288.00	48.00	45.00
160623A	0.3670	0.0000	0.0000	6600.00	100.00	100.00	20	10000	1.05	0.03	0.03	2.67	0.08	0.10	562.00	23.00	23.00
160624A	0.4830	0.0000	0.0000	5.20	0.50	0.50	10	1000	0.40	0.28	0.28	0.00	0.00	0.00	841.00	358.00	358.00
160625B	1.4060	0.0000	0.0000	9440.00	160.00	160.00	20	10000	0.79	0.02	0.02	2.25	0.04	0.04	554.00	20.00	19.00
160629A	3.3320	0.0000	0.0000	150.00	60.00	40.00	20	5000	0.79	0.17	0.23	2.92	3.68	0.50	227.00	41.00	41.00
#160821B	0.1600	0.0000	0.0000	1.95	0.20	0.20	10	1000	0.77	1.35	1.35	2.01	0.18	0.18	38.17	27.48	27.48
161023A 2.7100	0.0000	0.0000	420		60		60		20  15000	1.11	0.22	0.18	2.27	0.32	0.16	163		37		28
170405A	3.5100	0.0000	0.0000	1050.00	120.00	120.00	20	10000	0.53	0.17	0.19	2.36	1.02	0.27	244.00	32.00	27.00
170428A	0.4540	0.0000	0.0000	42.00	9.10	9.00	20	10000	0.47	0.21	0.28	2.46	7.54	0.52	982.00	394.00	355.00
170817A	0.0098	0.0000	0.0000	2.30	0.40	0.40	10	1000	0.89	0.50	0.50	0.00	0.00	0.00	82.00	21.00	21.00
#050822	1.434	0	0	248	17.2	17.2	15	150	2.332	0.134	0.129	0	0	0	27	0	5.9
#151031A	1.167	0	0	3.75	0.495	0.495	15	350	1	0.3	0.3	2.4068	0.1856	0.1748	1.8145	0	0
#050822	1.434	0	0	31	2	6	15	150	2.01	0.2	0.2	2.21	0.1	0.1	27	6	3
#090726	2.71	0	0	8.6	1	1	15	350	2.25	0.19	0.19	0	0	0	39	0	0
#080310	2.4266	0	0	27.8	3.29	3.29	15	150	2.32	0.16	0.16	0	0	0	22	6	8